start=0.794000
pause=yes
volume=100.000000
