start=1297.667411
pause=yes
volume=100.000000
