start=1310.642667
pause=yes
volume=70.000000
